Human_id:1
Encoding:-0.068034,0.085791,0.103226,-0.003597,-0.045000,0.000000,1173571645691037153394645415955054414400098736142220500516310380300581003439004447166153495177207892564441921476627160277680516097857374074010260058660426452285537858355200.000000,3162476105192270933873453573914544725427477900553689638391920157244286928878714047965713005061969496814782706841383761268555591152253552068667784412557814349723758624282186048602112.000000,3809858470972584212119420989312090583973621839024746897202157273487285864568718954969195716066485983920322621576251652659705523736790410744760000472153214154160731167618386605637632.000000,0.000000,0.000000,0.000000,0.000000,0.000000,0.000000,0.000000,0.000000,0.000000,0.000000,0.000000,0.000000,0.000000,0.000000,0.000000,-0.033368,0.085101,0.063339,-0.033525,-0.040140,-0.007206,-0.069127,-0.022837,0.143914,-0.061521,0.200199,-0.016611,-0.246082,-0.029744,0.012736,0.109948,-0.145172,-0.047932,-0.109392,-0.129910,0.036965,0.034483,0.013123,0.007412,-0.122688,-0.248595,-0.073980,-0.120647,0.090344,-0.154183,0.032255,0.043541,-0.139082,-0.001727,-0.015514,0.016669,0.001537,-0.079502,0.151858,-0.036802,-0.157080,-0.028085,0.011284,0.248558,0.209287,-0.004539,-0.004184,-0.031664,0.041495,-0.264311,0.008406,0.125551,0.040575,0.115110,0.037109,-0.187453,0.013057,0.131675,-0.157379,0.057848,0.050297,-0.113448,-0.027351,-0.056602,0.225343,0.095980,-0.126848,-0.157210,0.123895,-0.163313,0.002985,0.099919,-0.119187,-0.145800,-0.226400,0.075878,0.361495,0.159816,-0.150756,0.028020,-0.124157,-0.012645,0.018860,0.042532,-0.062901,-0.039881,-0.047026,0.055103,0.174374,-0.061510,0.023293,0.208414,-0.032496,-0.004101,-0.032134,-0.003023,-0.092930,0.012369,-0.065025,0.006128,0.033713,-0.142070,0.050970,0.121325,
Limb_id:0
Limb_name:nose_to_r_eye
Info_list:;0.042064,0.919836;0.043380,0.910668;0.048643,0.912103;0.048643,0.917203;0.048767,0.917215
Avg_info:0.046299,0.910668
Limb_id:1
Limb_name:nose_to_l_eye
Info_list:;0.041188,0.914640;0.053944,0.908171;0.059289,0.921008;0.049676,0.929314;0.039333,0.908442
Avg_info:0.048686,0.908171
Limb_id:2
Limb_name:nose_to_r_ear
Info_list:;0.134698,0.891785;0.125615,0.889506;0.136832,0.889325;0.147959,0.894990;0.144458,0.892474
Avg_info:0.137912,0.889325
Limb_id:4
Limb_name:midt_to_r_shoulder
Info_list:;0.171539,0.749378;0.182431,0.737987;0.171539,0.767941;0.182431,0.750891;0.164663,0.741631
Avg_info:0.174521,0.737987
Limb_id:5
Limb_name:midt_to_l_shoulder
Info_list:;0.170006,0.760868;0.175733,0.748053;0.179779,0.769062;0.162715,0.771388;0.170784,0.765827
Avg_info:0.171803,0.748053
Limb_id:9
Limb_name:db_shoulders
Info_list:;0.341065,0.750106;0.345336,0.733072;0.352496,0.733528;0.334942,0.765827;0.323397,0.749378
Avg_info:0.339447,0.733072
Limb_id:18
Limb_name:db_eyes
Info_list:;0.061053,0.888769;0.063100,0.908171;0.062698,0.881936;0.065654,0.880557;0.067895,0.883869
Avg_info:0.064080,0.880557
Limb_id:19
Limb_name:eye_to_ear_r
Info_list:;0.093834,0.860958;0.106796,0.856567;0.100091,0.866241;0.100155,0.871710;0.121055,0.863741
Avg_info:0.104386,0.856567
Limb_id:8
Limb_name:right_upper_arm
Info_list:;0.324173,0.545829;0.312386,0.563477;0.267357,0.639116;0.326217,0.538280;0.323316,0.566233
Avg_info:0.310690,0.538280
Limb_id:11
Limb_name:left_upper_arm
Info_list:;0.305296,0.736852;0.325826,0.731106;0.305939,0.732793;0.289763,0.712558;0.322131,0.705516
Avg_info:0.309791,0.705516
Limb_id:12
Limb_name:left_lower_arm
Info_list:;0.228629,0.696930;0.217957,0.694290;0.220708,0.705516;0.250219,0.742910;0.220263,0.674697
Avg_info:0.227555,0.674697
Limb_id:3
Limb_name:nose_to_l_ear
Info_list:;0.084769,0.798082;0.087400,0.775026;0.094609,0.770250;0.065769,0.819406;0.084213,0.781636
Avg_info:0.083352,0.770250
Limb_id:20
Limb_name:eye_to_ear_l
Info_list:;0.064949,0.770250;0.043955,0.781636;0.055475,0.775026;0.053450,0.819406;0.066453,0.798082
Avg_info:0.056856,0.770250
Limb_id:7
Limb_name:midt_to_l_hip
Info_list:;0.506053,0.550805;0.536653,0.515627;0.526228,0.504923;0.463301,0.482068;0.523986,0.490215
Avg_info:0.511244,0.482068
Limb_id:6
Limb_name:midt_to_r_hip
Info_list:;0.499447,0.350015;0.509614,0.337757;0.526142,0.381651;0.432756,0.347130;0.053134,0.380909
Avg_info:0.404219,0.337757
Limb_id:10
Limb_name:right_lower_arm
Info_list:;0.208633,0.545829;0.270627,0.579681;0.229530,0.563477;0.224047,0.708614;0.218128,0.566233
Avg_info:0.230193,0.545829
Limb_id:14
Limb_name:db_hips
Info_list:;0.173892,0.381651;0.193548,0.337757;0.232299,0.347130;0.201878,0.350015;0.019860,0.438974
Avg_info:0.164295,0.337757
Limb_id:16
Limb_name:left_thigh
Info_list:;0.097021,0.271816;0.254978,0.306463;0.236429,0.284229;0.250521,0.270892;0.255679,0.401993
Avg_info:0.218926,0.270892
Limb_id:13
Limb_name:right_thigh
Info_list:;0.301571,0.119791;0.078106,0.225749;0.347341,0.131791;0.098862,0.292759;0.093957,0.228267
Avg_info:0.183968,0.119791
Limb_id:17
Limb_name:left_calf
Info_list:;0.212175,0.168211;0.128271,0.176216;0.093490,0.177304;0.196504,0.176445;0.061114,0.178433
Avg_info:0.138311,0.168211
Limb_id:15
Limb_name:right_calf
Info_list:;0.175142,0.079749;0.060679,0.180858;0.176107,0.074052;0.171120,0.073765;0.095905,0.095292
Avg_info:0.135791,0.073765
