Human_id:2
Human_name:Christian
Encoding:-0.08011853694915771484,0.02953651174902915955,0.07425200194120407104,-0.08302596211433410645,-0.05752566084265708923,-0.02388547360897064209,-0.01225041598081588745,-0.02823109738528728485,0.11602236330509185791,-0.03157233446836471558,0.24897299706935882568,0.02253481373190879822,-0.24102264642715454102,-0.06132905185222625732,0.03566902130842208862,0.04554644972085952759,-0.13699540495872497559,-0.10101286321878433228,-0.03707147017121315002,-0.10211495310068130493,0.05439431220293045044,0.07353141158819198608,0.01139728911221027374,0.06163757666945457458,-0.07962323725223541260,-0.23653079569339752197,-0.06489907205104827881,-0.09104482084512710571,0.08308517932891845703,-0.07188262790441513062,0.04471614956855773926,0.04106189683079719543,-0.14327199757099151611,0.01560785714536905289,-0.00754818553104996681,0.06010476499795913696,-0.05947135388851165771,-0.12901619076728820801,0.20332267880439758301,0.00655940454453229904,-0.14982102811336517334,0.01425576210021972656,0.02018830180168151855,0.30953508615493774414,0.18726445734500885010,-0.04716293141245841980,0.03656959533691406250,0.01340578682720661163,0.12818871438503265381,-0.30370798707008361816,0.14886987209320068359,0.17079627513885498047,0.12425740808248519897,0.06452941894531250000,0.10736498236656188965,-0.13990291953086853027,-0.00761080253869295120,0.12640607357025146484,-0.14531175792217254639,0.13648587465286254883,0.08116802573204040527,-0.07082451879978179932,0.00915452651679515839,-0.14855687320232391357,0.13668325543403625488,0.08903051912784576416,-0.12774363160133361816,-0.12261302024126052856,0.08882415294647216797,-0.15265035629272460938,-0.12825681269168853760,0.13819789886474609375,-0.13890509307384490967,-0.16262881457805633545,-0.20439158380031585693,0.10900100320577621460,0.38872015476226806641,0.19351145625114440918,-0.15794481337070465088,0.07300615310668945312,-0.06904920190572738647,-0.02419505268335342407,0.05694010108709335327,0.07068052142858505249,-0.00803019292652606964,0.00316205620765686035,-0.11599164456129074097,0.02749736420810222626,0.20539286732673645020,-0.01096828095614910126,-0.07228792458772659302,0.25456932187080383301,0.02004265785217285156,-0.00583021482452750206,0.04366019740700721741,0.03143171221017837524,0.00798770785331726074,-0.01687839441001415253,-0.09106593579053878784,0.01745817437767982483,0.00057955645024776459,-0.16815635561943054199,-0.02070695534348487854,0.00694079790264368057,-0.19026707112789154053,0.21225532889366149902,0.04218791797757148743,0.03613724559545516968,0.00200713705271482468,0.00540685839951038361,-0.08119101822376251221,0.06332527101039886475,0.14836470782756805420,-0.30842441320419311523,0.22311486303806304932,0.11631193757057189941,0.11975655704736709595,0.17590905725955963135,0.01938234269618988037,0.09767647087574005127,-0.00378361344337463379,-0.09681709855794906616,-0.08319792896509170532,-0.12026444822549819946,-0.01394126936793327332,0.05289010703563690186,0.05407121032476425171,0.10244880616664886475,
Limb_id:1
Limb_name:midt_to_r_shoulder
Info_list:;0.184190,0.731183;0.193588,0.739863;0.185524,0.757449;0.200806,0.785698;0.190792,0.745723
Avg_info:0.190980,0.731183
Limb_id:2
Limb_name:midt_to_l_shoulder
Info_list:;0.164071,0.747420;0.158139,0.755073;0.166743,0.732527;0.133702,0.747474;0.149268,0.733654
Avg_info:0.154385,0.732527
Limb_id:3
Limb_name:midt_to_r_hip
Info_list:;0.532714,0.654584;0.510084,0.684403;0.520947,0.661423;0.528359,0.665864;0.501530,0.682348
Avg_info:0.518727,0.654584
Limb_id:4
Limb_name:midt_to_l_hip
Info_list:;0.481986,0.635219;0.477317,0.634739;0.505194,0.661500;0.485860,0.643068;0.480424,0.648003
Avg_info:0.486156,0.634739
Limb_id:5
Limb_name:right_upper_arm
Info_list:;0.218518,0.711974;0.224075,0.722947;0.293273,0.705238;0.262252,0.700312;0.291260,0.692353
Avg_info:0.257875,0.692353
Limb_id:6
Limb_name:db_shoulders
Info_list:;0.324058,0.722947;0.337574,0.720626;0.350683,0.729573;0.350006,0.733654;0.344960,0.739863
Avg_info:0.341456,0.720626
Limb_id:7
Limb_name:right_lower_arm
Info_list:;0.230818,0.682125;0.226338,0.688477;0.210829,0.689153;0.241683,0.686338;0.245111,0.714499
Avg_info:0.230956,0.682125
Limb_id:8
Limb_name:left_upper_arm
Info_list:;0.221004,0.726908;0.281912,0.747474;0.276035,0.711150;0.299385,0.711718;0.277571,0.707676
Avg_info:0.271181,0.707676
Limb_id:9
Limb_name:left_lower_arm
Info_list:;0.234849,0.705544;0.274174,0.718721;0.926352,0.702507;0.221258,0.699147;0.237727,0.730445
Avg_info:0.378872,0.699147
Limb_id:10
Limb_name:right_thigh
Info_list:;0.349846,0.661423;0.372765,0.684403;0.334153,0.651752;0.368922,0.653130;0.383132,0.682348
Avg_info:0.361764,0.651752
Limb_id:11
Limb_name:db_hips
Info_list:;0.233916,0.661500;0.229939,0.634739;0.239980,0.643068;0.219757,0.627623;0.243349,0.635906
Avg_info:0.233388,0.627623
Limb_id:12
Limb_name:right_calf
Info_list:;0.383546,0.645332;0.383448,0.641470;0.377520,0.636031;0.393952,0.645451;0.373506,0.665900
Avg_info:0.382395,0.636031
Limb_id:13
Limb_name:left_thigh
Info_list:;0.441040,0.587018;0.362956,0.602714;0.361048,0.598241;0.428352,0.587492;0.370628,0.661500
Avg_info:0.392805,0.587018
Limb_id:14
Limb_name:left_calf
Info_list:;0.324453,0.587492;0.387571,0.604062;0.324911,0.568841;0.384638,0.598241;0.353853,0.615175
Avg_info:0.355085,0.568841
