Human_id:1
Encoding:-0.071091,0.098373,0.114119,-0.007264,-0.034458,0.000000,0.000000,0.000000,0.000000,4824065617673041827414269965125683575354363255088511033674971605342683027222663942563256876985104621114096771873020127320522780314081214030604118781270791289181872276476351116745696677881573625935093040634270641250808793579651072.000000,0.000000,0.000000,0.000000,2452453847967183062143848029013801710590995922639898328057461994728826055836009064577849720811743265346777422437482837586315242429428020379130517780343308037489523882625923748411685710967478092300288.000000,1490054706695654291441000070257310739187478432886353652923872132520596688066642665860444194603054232577517339861028459284396792487006790950481615383914777677649591736598437856370774356558341996544.000000,0.000000,0.000000,3624790977059320105853409592083082394196469906605388195919428198780605884329603156819169486522740661283440743166415199130681170039585962258615515911342358566200606305009768321617128769506632857238622827317486762132079477585346560.000000,2519694080921054048309277135616526894874568136994677452930139875667224041609255369787252155891972763558766672288534988968827393292705796210768065832111168789951559887577653094383616.000000,0.000000,7227569134948414396362608411086220295115453503775079620122493146550846689272361213720644990006718571479642486056157699123111532079412608550800075947198491131904.000000,0.000000,0.000000,0.000000,0.111488,0.835261,0.110430,0.849739,0.101387,0.831723,0.119171,0.849751,0.128720,0.832721,0.000000,0.000000,0.085042,0.877415,0.082401,0.878349,0.085042,0.869855,0.090923,0.871461,0.079005,0.885169,0.000000,0.000000,0.053933,0.885169,0.053878,0.878734,0.063314,0.930495,0.052679,0.879039,0.053714,0.885031,0.000000,0.000000,0.292233,0.741456,0.292460,0.749584,0.294261,0.761326,0.291439,0.743369,0.297926,0.743271,0.000000,0.000000,0.196661,0.722474,0.199419,0.714109,0.190552,0.717045,0.201072,0.717675,0.183163,0.713147,0.306260,0.000000,0.549623,0.585946,0.524558,0.516827,0.104559,0.539852,0.556106,0.523966,0.573369,0.602937,0.000000,0.000000,0.555495,0.585365,0.126273,0.553139,0.545168,0.547249,0.573847,0.530068,0.548187,0.582055,0.000000,0.000000,0.053345,0.539852,0.249509,0.585365,0.241474,0.523966,0.226042,0.547249,0.213390,0.472728,0.000000,0.000000,0.281187,0.604328,0.298047,0.662030,0.300643,0.631289,0.298499,0.589806,
Limb_id:0
Limb_name:nose_to_r_eye
Info_list:;0.043414,0.920495;0.050977,0.915781;0.036546,0.927658;0.044898,0.925123;0.045277,0.930140
Avg_info:0.044222,0.915781
Limb_id:1
Limb_name:nose_to_l_eye
Info_list:;0.042985,0.931036;0.048662,0.908627;0.038497,0.956358;0.047961,0.961767;0.046425,0.906229
Avg_info:0.044906,0.906229
Limb_id:2
Limb_name:nose_to_r_ear
Info_list:;0.158785,0.856090;0.125865,0.878916;0.131824,0.862380;0.118014,0.860729;0.107768,0.865427
Avg_info:0.128451,0.856090
Limb_id:4
Limb_name:midt_to_r_shoulder
Info_list:;0.158795,0.771274;0.148696,0.765920;0.157885,0.765020;0.169334,0.768326;0.157885,0.765738
Avg_info:0.158519,0.765020
Limb_id:5
Limb_name:midt_to_l_shoulder
Info_list:;0.175118,0.799109;0.186099,0.803665;0.175036,0.798738;0.174083,0.801032;0.163954,0.801264
Avg_info:0.174858,0.798738
Limb_id:8
Limb_name:right_upper_arm
Info_list:;0.312872,0.631289;0.330568,0.604328;0.298662,0.669042;0.272650,0.614681;0.316548,0.605072
Avg_info:0.306260,0.604328
Limb_id:9
Limb_name:db_shoulders
Info_list:;0.331819,0.772235;0.325677,0.773440;0.323601,0.773043;0.312680,0.774654;0.314608,0.771062
Avg_info:0.321677,0.771062
Limb_id:18
Limb_name:db_eyes
Info_list:;0.060700,0.908627;0.064680,0.905077;0.055570,0.902772;0.061379,0.898045;0.062002,0.906229
Avg_info:0.060866,0.898045
Limb_id:19
Limb_name:eye_to_ear_r
Info_list:;0.111488,0.835261;0.110430,0.849739;0.101387,0.831723;0.119171,0.849751;0.128720,0.832721
Avg_info:0.114239,0.831723
Limb_id:3
Limb_name:nose_to_l_ear
Info_list:;0.085042,0.877415;0.082401,0.878349;0.085042,0.869855;0.090923,0.871461;0.079005,0.885169
Avg_info:0.084483,0.869855
Limb_id:20
Limb_name:eye_to_ear_l
Info_list:;0.053933,0.885169;0.053878,0.878734;0.063314,0.930495;0.052679,0.879039;0.053714,0.885031
Avg_info:0.055504,0.878734
Limb_id:11
Limb_name:left_upper_arm
Info_list:;0.292233,0.741456;0.292460,0.749584;0.294261,0.761326;0.291439,0.743369;0.297926,0.743271
Avg_info:0.293664,0.741456
Limb_id:12
Limb_name:left_lower_arm
Info_list:;0.196661,0.722474;0.199419,0.714109;0.190552,0.717045;0.201072,0.717675;0.183163,0.713147
Avg_info:0.194173,0.713147
Limb_id:6
Limb_name:midt_to_r_hip
Info_list:;0.549623,0.585946;0.524558,0.516827;0.104559,0.539852;0.556106,0.523966;0.573369,0.602937
Avg_info:0.461643,0.516827
Limb_id:7
Limb_name:midt_to_l_hip
Info_list:;0.555495,0.585365;0.126273,0.553139;0.545168,0.547249;0.573847,0.530068;0.548187,0.582055
Avg_info:0.469794,0.530068
Limb_id:14
Limb_name:db_hips
Info_list:;0.053345,0.539852;0.249509,0.585365;0.241474,0.523966;0.226042,0.547249;0.213390,0.472728
Avg_info:0.196752,0.472728
Limb_id:10
Limb_name:right_lower_arm
Info_list:;0.281187,0.604328;0.298047,0.662030;0.300643,0.631289;0.298499,0.589806;0.261935,0.713549
Avg_info:0.288062,0.589806
Limb_id:13
Limb_name:right_thigh
Info_list:;0.214813,0.224331;0.067873,0.305110;0.212531,0.162914;0.260776,0.152762;0.094971,0.146872
Avg_info:0.170193,0.146872
Limb_id:16
Limb_name:left_thigh
Info_list:;0.147986,0.090066;0.258358,0.267419;0.261912,0.319092;0.266576,0.143310;0.255733,0.389200
Avg_info:0.238113,0.090066
Limb_id:15
Limb_name:right_calf
Info_list:;0.195074,0.126678;0.113504,0.182927;0.197497,0.104036;0.275349,0.257158;0,0
Avg_info:0.195356,0.104036
Limb_id:17
Limb_name:left_calf
Info_list:;0.115297,0.267419;0.132744,0.235219;0.122242,0.115885;0.104177,0.294767;0,0
Avg_info:0.118615,0.115885
